-9992
-9920
-9917
-9872
-9800
-9782
-9747
-9673
-9656
-9623
-9571
-9531
-9520
-9519
-9464
-9402
-9366
-9250
-9228
-9149
-9109
-9084
-9050
-9004
-8966
-8952
-8935
-8895
-8881
-8853
-8840
-8825
-8804
-8800
-8791
-8602
-8589
-8575
-8568
-8566
-8543
-8543
-8424
-8291
-8271
-8246
-8170
-8165
-8143
-8114
-8085
-8071
-7976
-7965
-7921
-7817
-7788
-7714
-7677
-7676
-7666
-7642
-7614
-7585
-7584
-7452
-7443
-7378
-7377
-7309
-7229
-7222
-7183
-7178
-7177
-7129
-7039
-7032
-7008
-6970
-6969
-6963
-6913
-6876
-6817
-6703
-6697
-6697
-6692
-6553
-6444
-6441
-6389
-6317
-6296
-6274
-6268
-6254
-6196
-6192
-6138
-6072
-6048
-6038
-5968
-5960
-5916
-5836
-5747
-5690
-5634
-5603
-5400
-5366
-5366
-5324
-5316
-5286
-5243
-5210
-5191
-5181
-5172
-5147
-5119
-5114
-5113
-5096
-5085
-5079
-5049
-5009
-5002
-4992
-4865
-4847
-4832
-4793
-4785
-4778
-4737
-4725
-4642
-4639
-4576
-4561
-4559
-4538
-4502
-4452
-4440
-4410
-4409
-4397
-4395
-4356
-4287
-4254
-4242
-4228
-4193
-4161
-4148
-4105
-4098
-4065
-4037
-4018
-4015
-3977
-3905
-3896
-3892
-3871
-3861
-3843
-3821
-3796
-3782
-3758
-3754
-3688
-3669
-3613
-3576
-3550
-3530
-3522
-3503
-3482
-3468
-3405
-3366
-3357
-3318
-3301
-3155
-3153
-3145
-3059
-3047
-2948
-2880
-2811
-2715
-2696
-2647
-2623
-2559
-2530
-2526
-2468
-2459
-2426
-2388
-2365
-2353
-2304
-2153
-2071
-2021
-2014
-1976
-1971
-1889
-1828
-1813
-1775
-1721
-1706
-1593
-1568
-1521
-1494
-1447
-1432
-1425
-1412
-1366
-1358
-1340
-1336
-1335
-1323
-1279
-1258
-1216
-1212
-1205
-1131
-1123
-1112
-1102
-1069
-1068
-1036
-1006
-988
-975
-974
-966
-950
-854
-835
-802
-799
-792
-791
-769
-725
-709
-663
-653
-609
-415
-379
-361
-358
-303
-298
-265
-243
-233
-128
-107
-68
-23
3
32
95
130
134
199
267
295
312
352
363
387
500
506
513
599
639
652
661
668
681
745
786
857
908
966
1001
1058
1080
1151
1257
1383
1418
1424
1484
1506
1509
1513
1644
1682
1710
1719
1746
1769
1826
1829
1851
1853
1879
1908
1994
2009
2031
2064
2071
2078
2091
2124
2131
2249
2318
2386
2389
2415
2440
2447
2461
2520
2530
2597
2601
2613
2632
2646
2659
2675
2687
2691
2696
2732
2776
2793
2885
2918
2960
2977
3022
3044
3098
3102
3167
3227
3249
3325
3330
3426
3468
3470
3479
3495
3501
3585
3617
3624
3634
3650
3657
3676
3733
3799
3814
3830
3855
3944
4008
4061
4070
4103
4111
4123
4134
4250
4393
4397
4422
4429
4505
4507
4515
4550
4565
4652
4685
4689
4830
4869
4917
4966
5012
5033
5037
5054
5062
5066
5069
5098
5117
5136
5182
5183
5187
5197
5227
5264
5300
5322
5337
5361
5368
5400
5417
5428
5429
5437
5475
5482
5492
5495
5546
5563
5603
5662
5673
5713
5718
5750
5779
5814
5818
5821
5844
5906
5952
5983
5996
6085
6093
6148
6174
6174
6193
6219
6326
6350
6356
6417
6419
6439
6444
6449
6452
6494
6500
6512
6550
6559
6619
6625
6688
6691
6748
6759
6776
6781
6804
6840
6863
6868
6931
6935
6953
6973
6974
7001
7037
7114
7133
7179
7233
7281
7297
7354
7396
7488
7511
7548
7587
7611
7691
7744
7751
7780
7878
7898
7909
7967
7970
7987
7999
8034
8035
8100
8116
8134
8157
8247
8253
8268
8268
8291
8291
8291
8337
8338
8388
8410
8451
8454
8484
8508
8555
8565
8571
8592
8629
8641
8765
8779
8784
8789
8801
8819
8831
8871
8898
8911
8959
8968
9000
9010
9022
9037
9041
9045
9061
9121
9168
9183
9188
9253
9360
9365
9385
9402
9466
9482
9492
9503
9546
9570
9592
9599
9673
9687
9732
9733
9775
9843
9895
9907
9974
